0 1
1 2
2 3
3 4
4 5
5 6
6 7
0 1
1 2
2 3
3 4
4 5
5 6
6 7
0 1
1 2
2 3
3 4
4 5
5 6
6 7
0 1
1 2
2 3
3 4
4 5
5 6
6 7
0 1
1 2
2 3
3 4
4 5
5 6
6 7
0 8
8 9
1 9
9 10
2 10
10 11
3 11
11 12
4 12
12 13
5 13
13 14
6 14
14 15
7 15
8 16
16 17
9 17
17 18
10 18
18 19
11 19
19 20
12 20
20 21
13 21
21 22
14 22
22 23
15 23
16 24
24 25
17 25
25 26
18 26
26 27
19 27
27 28
20 28
28 29
21 29
29 30
22 30
30 31
23 31
24 32
32 33
25 33
33 34
26 34
34 35
27 35
35 36
28 36
36 37
29 37
37 38
30 38
38 39
31 39
32 40
40 41
33 41
41 42
34 42
42 43
35 43
43 44
36 44
44 45
37 45
45 46
38 46
46 47
39 47
40 48
48 49
41 49
49 50
42 50
50 51
43 51
51 52
44 52
52 53
45 53
53 54
46 54
54 55
47 55
48 56
56 57
49 57
57 58
50 58
58 59
51 59
59 60
52 60
60 61
53 61
61 62
54 62
62 63
55 63
